# Descriptive saved FP64 diagnostic; no new simulation.
# Source: docs/plans/artifacts/neutra-controlled-repair-2026-10-02/campaign-r1/attempts/controlled-joint-continuation-mixture-oracle-s11-r1/step-98304-metrics.json
# x1 norm_at_x2=-2.0 norm_at_x2=-1.0 norm_at_x2=0.0 norm_at_x2=1.0 norm_at_x2=2.0
-2 320.570591833 301.657133533 64.1929918894 13.5421975926 2.04556108735
-1.996 322.787952511 303.988313399 66.8327763723 13.8846832872 1.88485245016
-1.992 325.006121733 306.327630459 69.5205702245 14.2333404832 1.75857899498
-1.988 327.225139354 308.675073717 72.2564390778 14.9332565616 1.67749720341
-1.984 329.445045211 311.030631939 75.042497616 16.0022220824 1.651306816
-1.98 331.66587913 313.394293647 77.8798072773 17.0656475387 1.68554644893
-1.976 333.887680921 315.766047125 81.0249371246 18.1232905443 1.77955498615
-1.972 336.110490381 318.145880416 84.2815496649 19.1749322936 1.92721441446
-1.968 338.334347296 320.533781329 87.5985652539 20.2203718566 2.1197163388
-1.964 340.55929144 322.929737436 90.9772386208 21.2594222218 2.34820302318
-1.96 342.785362576 325.333736073 94.418704118 22.2919074934 2.605156284
-1.956 345.01260046 327.745764343 97.9232401581 23.317660866 2.88472155903
-1.952 347.241044835 330.165809114 101.493311417 24.3365231368 3.18251884247
-1.948 349.470735439 332.593857023 105.130295551 25.3700740347 3.49531570898
-1.944 351.701712002 335.029894476 110.11867402 26.4664058442 3.42185224179
-1.94 353.934014245 337.473907645 115.832805406 27.5536452608 3.21735863633
-1.936 356.167681886 339.925882472 121.42504362 28.6316959965 3.01913937941
-1.932 358.402754636 342.385804671 126.899872163 29.7004655421 2.82809897356
-1.928 360.639272203 344.853659723 132.261602424 30.7598647302 2.64537859578
-1.924 362.877274288 347.329432882 137.51437903 31.8098073961 2.47241111186
-1.92 365.116800592 349.813109169 142.662185564 32.8502101109 2.31097934126
-1.916 367.357890811 352.30467338 147.708850413 33.8809919719 2.16326667375
-1.912 369.600584641 354.804110078 152.658052646 34.9020744347 2.03187822281
-1.908 371.844921775 357.311403601 157.513327817 35.9133811795 1.91979623117
-1.904 374.090941906 359.826538054 162.278073646 36.9148380031 1.83022194472
-1.9 376.338684727 362.349497316 166.955555554 37.9063727311 1.76626407747
-1.896 378.588189931 364.880265036 171.548912011 38.8879151471 1.73048336061
-1.892 380.839497211 367.418824633 176.061159711 39.8593969349 1.72439551616
-1.888 383.092646263 369.965159298 180.495198545 40.8207516307 1.74811787684
-1.884 385.347676784 372.51925199 184.85381639 41.7719145847 1.80032670522
-1.88 387.604628474 375.081085442 189.139693699 42.7128229295 1.87854843443
-1.876 389.863541036 377.650642154 193.355407913 43.6434155541 1.97964457301
-1.872 392.124454175 380.227904397 197.503437677 44.5636330829 2.1002958121
-1.868 394.387407603 382.812854209 201.586166892 45.4734178593 2.23735625108
-1.864 396.652441034 385.4054734 205.605888586 46.3727139316 2.38804759008
-1.86 398.919594186 388.005743547 209.564808624 47.2614670427 2.55002595919
-1.856 401.188906786 390.613645994 213.465049256 48.1396246222 2.7213707961
-1.852 403.460418562 393.229161855 217.308652516 49.00713578 2.90053641606
-1.848 405.734169251 395.852272007 221.097583472 49.8639513025 3.08629192191
-1.844 408.010198596 398.482957098 224.833733331 50.7100236502 3.27766281966
-1.84 410.288546346 401.121197539 228.518922423 51.545306956 3.47387995149
-1.836 412.569252257 403.766973507 232.154903043 52.3697570259 3.67433719866
-1.832 414.852356093 406.420264944 235.743362176 53.1833313402 3.87855748264
-1.828 417.137897626 409.081051556 239.285924106 53.9859890552 4.08616587866
-1.824 419.425916635 411.749312812 242.784152908 54.7776910071 4.29686852559
-1.82 421.716452908 414.425027944 246.23955484 55.558399715 4.51043613122
-1.816 424.009546241 417.108175947 249.653580625 56.3280793863 4.7266910671
-1.812 426.305236439 419.798735575 253.027627642 57.0866959214 4.94549724639
-1.808 428.603563316 422.496685346 256.363042016 57.83421692 5.16675215332
-1.804 430.904566695 425.126802345 259.661120631 58.5706116872 5.39038053677
-1.8 433.208286409 427.656904735 262.923113042 59.2958512405 5.61632939345
-1.796 435.514762301 430.193831937 266.150223319 60.0099083172 5.84456395431
-1.792 437.824034221 432.737567993 269.34361181 60.7127573822 6.07506445445
-1.788 440.136142031 435.288096675 272.504396823 61.4043746359 6.30782351812
-1.784 442.451125603 437.84540149 275.633656248 62.0847380233 6.54284402912
-1.78 444.769024819 440.409465671 278.732429102 62.7538272419 6.78013738612
-1.776 447.08987957 442.980272184 281.801717019 63.4116237518 7.01972206503
-1.772 449.413729759 445.557803722 284.842485665 64.0581107842 7.26162242769
-1.768 451.740615297 448.142042708 287.85566611 64.6932733514 7.50586772897
-1.764 454.070576108 450.732971289 290.842156128 65.3170982567 7.75249128481
-1.76 456.403652123 453.330571343 293.802821457 65.9295741039 8.0015297713
-1.756 458.739883287 455.934824471 296.738496998 66.5306913075 8.25302263108
-1.752 461.079309553 458.545711999 299.649987968 67.1204421033 8.50701156806
-1.748 463.421970885 461.16321498 302.538071006 67.698820558 8.7635401151
-1.744 465.767907255 463.787314189 305.403495238 68.26582258 9.02265326235
-1.74 468.117158649 466.417990124 308.246983289 68.8214459298 9.28439713625
-1.736 470.46976506 469.055223007 311.069232263 69.3656902298 9.54881872078
-1.732 472.825766492 471.698992779 313.870914681 69.8985569754 9.81596561464
-1.728 475.185202959 474.349279106 316.652679381 70.4200495448 10.0858858184
-1.724 477.548114483 477.006061369 319.415152382 70.9301732093 10.3586275475
-1.72 479.914541098 479.669318675 322.158937713 71.4289351434 10.6342390669
-1.716 482.284522845 482.339029844 324.884618208 71.9163444351 10.9127685443
-1.712 484.658099774 485.015173419 327.592756276 72.3924120952 11.1942639202
-1.708 487.035311946 487.697727659 330.283894633 72.8571510675 11.4787727907
-1.704 489.416199429 490.38667054 332.958557005 73.3105762378 11.7663423032
-1.7 491.800802298 493.081979755 335.617248814 73.7527044433 12.0570190621
-1.696 494.189160638 495.783632712 338.26045782 74.1835544816 12.3508490439
-1.692 496.581314541 498.491606536 340.888654758 74.6031471192 12.64787752
-1.688 498.977304105 501.205878065 343.502293932 75.0115050998 12.9481489868
-1.684 501.377169437 503.926423853 346.101813797 75.4086531526 13.2517071019
-1.68 503.78095065 506.653220165 348.687637517 75.8747862337 13.5585946259
-1.676 506.188687862 509.386242982 351.260173495 76.7397739235 13.8688533688
-1.672 508.600421198 512.125467995 353.819815896 77.5901481985 14.1825241415
-1.668 511.016190786 514.870870609 356.366945134 78.4260395218 14.4996467104
-1.664 513.436036763 517.622425938 358.90167105 79.247578196 14.8202597562
-1.66 515.859999266 520.38010881 361.423469531 80.054894384 15.1444008356
-1.656 518.288118438 523.14389376 363.93379282 80.8481181304 15.4721063459
-1.652 520.720434426 525.913755036 366.432971235 81.627379381 15.8034114926
-1.648 523.156987378 528.689666593 368.921323547 82.3928080018 16.1383502593
-1.644 525.597817445 531.471602096 371.399157367 83.1445337973 16.4769553794
-1.64 528.042964778 534.259534919 373.866769532 83.8826865274 16.8192583109
-1.636 530.492469532 537.053438143 376.324446464 84.6073959243 17.1652892119
-1.632 532.946371861 539.853284556 378.772464525 85.3187917074 17.515076919
-1.628 535.404711917 542.659046655 381.21109035 86.0170035985 17.8686489267
-1.624 537.867529852 545.470696643 383.640581181 86.7021613349 18.2260313686
-1.62 540.334865817 548.288206429 386.061185171 87.3743946824 18.5872490002
-1.616 542.80675996 551.111547628 388.473141693 88.0338334473 18.9523251828
-1.612 545.283252425 553.939712122 390.876681631 88.680607487 19.321281869
-1.608 547.764383352 556.773572352 393.268533608 89.3148467202 19.6941395895
-1.604 550.250192878 559.6131723 395.646593796 89.9366811362 20.0709174409
-1.6 552.740721132 561.807862288 398.016438756 90.5462408026 20.4516330746
-1.596 555.236008237 563.896397816 400.378277196 91.143655873 20.8363026871
-1.592 557.736094309 565.988377769 402.732310417 91.729056593 21.2249410112
-1.588 560.241019455 568.061340383 405.07873256 92.302573306 21.6175613083
-1.584 562.750823774 570.135589808 407.417730845 92.8643364575 22.0141753614
-1.58 565.265547352 572.213213086 409.74948579 93.4144765989 22.4147934694
-1.576 567.785230266 574.294214586 412.074171439 93.9531243901 22.8194244421
-1.572 570.30991258 576.378598598 414.391955565 94.4804106017 23.2280755963
-1.568 572.839634346 578.466369327 416.702999879 94.9964661156 23.6407527526
-1.564 575.374435598 580.557530893 419.007460224 95.5014219254 24.0574602329
-1.56 577.914356358 582.652087332 421.305486763 95.9954091358 24.4782008593
-1.556 580.459436629 584.750042595 423.597224165 96.478558961 24.902975953
-1.552 583.009716398 586.851400547 425.882811777 96.951002722 25.3317853346
-1.548 585.565235632 588.956164968 428.162383796 97.4128718441 25.7646273248
-1.544 588.126034278 591.064339552 430.436069434 97.8642978523 26.2014987462
-1.54 590.692152261 593.175927908 432.703993073 98.3054123669 26.6423949254
-1.536 593.263629484 595.290933554 434.966274421 99.3682461977 27.0873096961
-1.532 595.840505826 597.409359926 437.223028657 101.571197921 27.5362354027
-1.528 598.422821141 599.531210368 439.474366573 103.76309999 27.9891629049
-1.524 601.010615254 601.65648814 441.720394713 105.944304053 28.4460815824
-1.52 603.603927964 603.785196412 443.961215506 108.115156057 28.9069793409
-1.516 606.202799041 605.917338265 446.196927391 110.275996244 29.3718426183
-1.512 608.807268223 608.052916691 448.427624945 112.427159159 29.8406563915
-1.508 611.417375214 610.191934593 450.653398996 114.568973648 30.3134041843
-1.504 614.033159688 612.334394785 452.874336746 116.70176286 30.7900680751
-1.5 616.654661281 614.48029999 455.090521878 118.825844249 31.2706287057
-1.496 619.28191959 616.62965284 457.302034664 120.941529579 31.7890304168
-1.492 621.914974178 618.782455876 459.50895207 123.049124921 32.398972807
-1.488 624.553864565 620.938711549 461.711347857 125.148930655 33.0112966589
-1.484 627.198630228 623.098422216 463.909292676 127.241241474 33.6259889549
-1.48 629.849310602 625.261590144 466.102854165 129.326346384 34.2430352556
-1.476 632.505945078 627.428217505 468.292097038 131.404528704 34.8624197072
-1.472 635.168572996 629.59830638 470.477083175 133.476066069 35.48412505
-1.468 637.83723365 631.771858754 472.657871702 135.541230431 36.1081326279
-1.464 640.511966282 633.948876521 474.834519081 137.600288061 36.7344223986
-1.46 643.192810083 636.129361478 477.007079182 139.653499547 37.3629729454
-1.456 645.879804186 638.313315326 479.175603364 141.701119803 37.9937614888
-1.452 648.572987671 640.500739674 481.34014055 143.743398065 38.6267638996
-1.448 651.272399558 642.691636032 483.500737297 145.780577894 39.2619547124
-1.444 653.978078806 644.886005816 485.657437866 147.812897182 39.8993071396
-1.44 656.690064312 647.083850341 487.810284289 149.840588152 40.5387930866
-1.436 659.408394909 649.285170828 489.959316438 151.863877362 41.1803831667
-1.432 662.133109362 651.489968399 492.104572084 153.882985711 41.8240467172
-1.428 664.864246367 653.698244077 494.246086958 155.898128439 42.469751816
-1.424 667.601844551 655.909998784 496.383894814 157.909515136 43.117465298
-1.42 670.345942464 658.125233345 498.518027486 159.917349747 43.7671527726
-1.416 673.096578583 660.343948484 500.648514938 161.921830574 44.4187786415
-1.412 675.853791306 662.566144821 502.775385326 163.923150288 45.0723061167
-1.408 678.617618952 664.791822879 504.898665043 165.921495934 45.727697239
-1.404 681.388099755 667.020983074 507.018378776 167.917048937 46.3849128965
-1.4 684.165271865 669.253625722 509.134549548 169.909985116 47.0439128443
-1.396 686.949173344 671.489751035 511.247198771 171.900474687 47.7046557234
-1.392 689.739842163 673.72935912 513.356346293 173.88868228 48.3670990804
-1.388 692.537316203 675.972449978 515.462010434 175.874766945 49.031199388
-1.384 695.341633245 678.219023506 517.564208042 177.858882167 49.6969120644
-1.38 698.152830976 680.469079493 519.662954522 179.841175876 50.3641914945
-1.376 700.970946979 682.722617622 521.758263888 181.821790465 51.0329910499
-1.372 703.796018735 684.979637466 523.850148792 183.8008628 51.7032631102
-1.368 706.62808362 687.240138492 525.938620573 185.778524242 52.3749590838
-1.364 709.467178897 689.504120054 528.023689285 187.754900654 53.048029429
-1.36 712.313341719 691.771384574 530.105363738 189.729935785 53.7224236757
-1.356 715.166609124 694.041446596 532.183651531 191.703212971 54.3980904463
-1.352 718.027018031 696.31498817 534.258559087 193.675529967 55.0749774778
-1.348 720.894605239 698.592008243 536.330091685 195.646990873 55.7530316435
-1.344 723.769407421 700.87250565 538.398253493 197.617694393 56.4321989744
-1.34 726.651461123 703.15647911 540.463047596 199.587733863 57.1124246814
-1.336 729.540802762 705.443927226 542.524476032 201.596207135 57.7936531773
-1.332 732.437468618 707.734848484 544.582539815 203.743258034 58.4758280987
-1.328 735.341494836 710.029241251 546.637238965 205.890046152 59.4928491285
-1.324 738.252917419 712.327103776 548.688572538 208.036645225 60.6063676854
-1.32 741.171772226 714.628434185 550.736538652 210.18312327 61.7098032446
-1.316 744.09809497 716.933230484 552.781134509 212.329542618 62.8031561766
-1.312 747.03192121 719.241490556 554.822356425 214.475959946 63.8864283511
-1.308 749.973286351 721.553212161 556.860199853 216.622426314 64.9596230963
-1.304 752.922225642 723.86839293 558.894659405 218.768987201 66.0227451603
-1.3 755.878774166 726.187030371 560.925728876 220.915330998 67.0758006748
-1.296 758.842966842 728.501470749 562.953401269 223.061427961 68.1187971212
-1.292 761.814838418 730.790391134 564.977668812 225.207711794 69.1517432975
-1.288 764.794423468 733.082813769 566.998522983 227.354206064 70.1746492874
-1.284 767.78175639 735.378738314 569.015954528 229.500928954 71.1875264303
-1.28 770.776871397 737.678164307 571.029953483 231.64789331 72.1903872926
-1.276 773.779802517 739.981091161 573.040509191 233.795106679 73.1832456395
-1.272 776.790583588 742.287518168 575.047610324 235.942571356 74.1661164089
-1.268 779.809248252 744.597444489 577.051244897 238.090284427 75.1390156843
-1.264 782.835829952 746.721259601 579.051400288 240.238237818 76.1019606702
-1.26 785.870361929 748.736147264 581.048063258 242.386418341 77.0549696666
-1.256 788.912877214 750.755416873 583.041219961 244.534807738 77.9980620455
-1.252 791.963408624 752.779091121 585.030855966 246.683382737 78.9312582265
-1.248 795.02198876 754.807192592 587.016956269 248.832115095 79.8545796541
-1.244 798.088650001 756.839743755 588.999505312 250.980971649 80.7680487745
-1.24 801.163424496 758.876766964 590.978486993 253.129914372 81.6716890132
-1.236 804.246344165 760.91828445 592.953884684 255.278900419 82.5655247532
-1.232 807.337440687 762.964318325 594.925681243 257.427882185 83.4495813131
-1.228 810.4367455 765.014890571 596.893859029 259.576807353 84.3238849254
-1.224 813.544289795 767.07002304 598.858399912 261.725618952 85.1884627156
-1.22 816.660104506 769.129737451 600.81928529 263.874255411 86.0433426812
-1.216 819.784220312 771.194055385 602.776496097 266.022650614 86.8885536711
-1.212 822.916667624 773.26299828 604.730012816 268.170733956 88.2229298165
-1.208 826.052013848 775.335103823 606.680637008 270.318855517 89.5948385024
-1.204 829.16574034 777.403627199 608.63203009 272.468900948 90.9490831557
-1.2 832.28719834 779.476479669 610.579755234 274.618547696 92.2861064219
-1.196 835.416411961 781.553679477 612.523793095 276.767712507 93.6060635783
-1.192 838.553405 783.635244688 614.464123941 278.916308017 94.9091084142
-1.188 841.698200932 785.721193185 616.400727663 281.064242816 96.1953932409
-1.184 844.850822906 787.811542662 618.333583779 283.211421508 97.4650689022
-1.18 848.011293732 789.906310622 620.26267145 285.357744772 98.7182847855
-1.176 851.179635885 792.005514368 622.18796948 287.503109421 99.9551888329
-1.172 854.355871487 794.109171002 624.109456331 289.647408471 101.175927553
-1.168 857.54002231 796.217297419 626.027110126 291.790531196 102.380646031
-1.164 860.732109762 798.329910298 627.940908658 293.932363198 103.569487942
-1.16 863.932154887 800.447026101 629.850829396 296.072786467 104.742595562
-1.156 867.140178349 802.568661064 631.756849491 298.211679445 105.900109779
-1.152 870.356200434 804.694831194 633.658945784 300.348917091 107.042170105
-1.148 873.580241035 806.825552259 635.557094807 302.484370945 108.168914688
-1.144 876.812319648 808.960839787 637.451272794 304.617909195 109.280480322
-1.14 880.052455363 811.100709052 639.341455684 306.749396739 110.377002459
-1.136 883.300666859 813.245175075 641.227619121 308.878695254 111.458615222
-1.132 886.55697239 815.394252613 643.109738465 311.005663258 112.52545141
-1.128 889.821389781 817.54795615 644.987788792 313.13015618 113.577642518
-1.124 893.093936416 819.706299895 646.861744896 315.252026425 114.615318738
-1.12 896.374629233 821.86929777 648.731581296 317.371123439 115.638608977
-1.116 899.663484713 824.036963401 650.597272236 319.487293781 116.647640862
-1.112 902.960518868 826.209310116 652.458791687 321.600381183 117.642540753
-1.108 906.265747235 828.386350928 654.31611335 323.710226624 118.623433751
-1.104 909.579184866 830.568098534 656.169210657 325.816668394 119.590443708
-1.1 912.900846313 832.754565301 658.018056771 327.919542164 120.543693236
-1.096 916.230745625 834.945763257 659.862624589 330.018681053 121.483303718
-1.092 919.568896331 837.141704085 661.702886738 332.113915695 122.409395313
-1.088 922.915311431 839.342399108 663.53881558 334.205074312 123.322086967
-1.084 926.270003386 841.547859281 665.370383206 336.291982778 124.221496422
-1.08 929.632984105 843.758095179 667.197561438 338.37446469 125.10774022
-1.076 933.004264933 845.973116988 669.020321827 340.452341439 125.980933716
-1.072 936.383856638 848.192934492 670.838635649 342.525432275 126.841191081
-1.068 939.771769399 850.41755706 672.652473906 344.593554378 127.688625311
-1.064 943.168012794 852.646993634 674.461807318 346.656522931 128.523348233
-1.06 946.572595784 854.881252717 676.266606322 348.714151183 129.345470515
-1.056 949.9855267 857.120342361 678.066841069 350.766250525 130.686650093
-1.052 953.406813231 859.364270148 679.862481416 352.812630556 133.271729024
-1.048 956.836462404 861.61304318 681.653496925 354.853099153 135.827980574
-1.044 960.274480575 863.866668064 683.439856851 356.887462543 138.355742509
-1.04 963.720873407 866.125150893 685.221530143 358.915525372 140.855346785
-1.036 967.175645859 868.388497236 686.99848543 360.937090772 143.327119614
-1.032 970.638802166 870.656712113 688.770691016 362.951960436 145.77138154
-1.028 974.110345823 872.929799987 690.538114875 364.959934684 148.188447508
-1.024 977.590279566 875.207764738 692.300724635 366.960812535 150.578626937
-1.02 981.078605355 877.49060965 694.058487574 368.954391773 152.942223792
-1.016 984.575324354 879.778337389 695.811370607 370.940469023 155.27953665
-1.012 988.080436911 882.070949983 697.559340276 372.918839815 157.590858776
-1.008 991.593942537 884.368448803 699.302362736 374.889298655 159.876478185
-1.004 995.11583989 886.67083454 701.040403745 376.851639095 162.136677717
-1 998.646126743 888.978107182 702.773428647 378.8056538 164.371735098
-0.996 1002.18479997 891.290265993 704.501402362 380.75113462 166.581923009
-0.992 1005.73185553 893.607309487 706.224289366 382.687872656 168.767509151
-0.988 1009.28728842 895.929235402 707.942053679 384.615658325 170.928756309
-0.984 1012.85109266 898.25604068 709.654658843 386.534281436 173.065922415
-0.98 1016.42326128 900.58772143 711.36206791 388.443531249 175.179260611
-0.976 1020.00378629 902.924272909 713.064243417 390.343196546 177.269019309
-0.972 1023.59265864 905.265689489 714.761147369 392.233065698 179.335442252
-0.968 1027.18986818 907.611964625 716.452741219 394.112926727 181.37876857
-0.964 1030.79540366 909.963090829 718.138985841 395.982567377 183.399232843
-0.96 1034.40925271 912.319059631 719.819841511 397.841775172 185.397065154
-0.956 1038.03140174 914.679861548 721.49526788 399.690337485 187.372491143
-0.952 1041.66183599 917.045486052 723.165223948 401.5280416 189.325732068
-0.948 1045.30053944 919.415921526 724.829668038 403.354674774 191.257004849
-0.944 1048.94749479 921.791155234 726.488557766 405.170024297 193.16652213
-0.94 1052.60268343 924.171173273 728.141850012 406.973877557 195.05449232
-0.936 1056.26608539 926.55596054 729.789500887 408.766022096 196.921119652
-0.932 1059.93767933 928.945500684 731.431465702 410.546245668 198.766604224
-0.928 1063.61744243 931.339776063 733.067698932 412.314336301 200.591142051
-0.924 1067.30535045 933.738767698 734.698154181 414.070082351 202.394925108
-0.92 1071.00137758 936.142455225 736.322784143 415.813272555 204.178141378
-0.916 1074.70549648 938.550816844 737.941540563 417.543696087 205.940974893
-0.912 1078.41767816 940.963829271 739.554374196 419.261142614 207.683605777
-0.908 1082.137892 943.381467677 741.161234763 420.96540234 209.406210287
-0.904 1085.86610563 945.803705637 742.762070905 422.65626606 211.108960853
-0.9 1089.60228495 948.230515072 744.356830138 424.333525208 212.792026115
-0.896 1093.34639399 950.661866187 745.945458803 425.996971902 214.455570964
-0.892 1097.09839494 953.097727404 747.527902014 427.646398986 216.099756571
-0.888 1100.85824803 955.538065305 749.104103602 429.28160008 217.724740428
-0.884 1104.62591146 957.982844556 750.674006064 430.90236961 219.330676375
-0.88 1108.40134142 960.432027839 752.237550499 432.508502857 220.917714637
-0.876 1112.1844919 962.885575778 753.794676551 434.099795984 222.486001849
-0.872 1115.97531473 965.343446863 755.345322343 435.676046078 224.035681087
-0.868 1119.77375943 967.80559737 756.889424411 437.237051177 225.566891894
-0.864 1123.33778383 970.280370111 758.507691691 438.778586787 227.01197603
-0.86 1126.80764558 972.758553739 760.150880661 440.303516158 228.412577645
-0.856 1130.27750673 975.236123797 761.787103185 441.813375026 229.795657503
-0.852 1133.74730549 977.713026558 763.41630618 443.308018941 231.161420189
-0.848 1137.21697755 980.189205596 765.038434508 444.787305022 232.510065146
-0.844 1140.68645599 982.664601696 766.653430895 446.251091931 233.841786741
-0.84 1144.15567118 985.13915275 768.261235834 447.69923986 235.156345313
-0.836 1147.62455069 987.612793645 769.861787496 449.131610496 236.453962575
-0.832 1151.09301918 990.085456159 771.455021625 450.548067001 237.735204835
-0.828 1154.56099833 992.557068841 773.040871444 451.94847397 239.000246879
-0.824 1158.02840669 995.027556891 774.61926754 453.332697398 240.249258694
-0.82 1161.4951596 997.496842038 776.190137758 454.700604638 241.482405514
-0.816 1164.96116908 999.964842402 777.753407084 456.052064353 242.699847863
-0.812 1168.42634367 1002.43147237 779.308997524 457.386946468 243.901741597
-0.808 1169.74152819 1003.94592163 781.007219529 459.1430043 245.50824947
-0.804 1170.91587917 1005.39560124 782.711586216 460.920286518 247.16530053
-0.8 1172.09008888 1006.84265603 784.412289147 462.690298539 248.811854731
-0.796 1173.26408835 1008.28700051 786.109232965 464.452920805 250.447996799
-0.792 1174.43780458 1009.72854476 787.802318365 466.208031765 252.07380759
-0.788 1175.61116034 1011.16719432 789.491441945 467.955507785 253.689364084
-0.784 1176.78407406 1012.60284995 791.176496038 469.695223043 255.294739368
-0.78 1177.95645963 1014.0354075 792.85736854 471.427049435 256.89000263
-0.776 1179.12822621 1015.4647577 794.53394274 473.150856459 258.475219137
-0.772 1180.29927811 1016.89078591 796.206097131 474.866511112 260.050450214
-0.768 1181.46292912 1018.31039168 797.874119402 476.575278203 261.616847339
-0.764 1180.35661961 1018.69885405 799.682398245 478.763281785 263.553296456
-0.76 1179.24983834 1019.08249463 801.490270481 480.952883822 265.485226529
-0.756 1178.14248372 1019.46118061 803.297600037 483.143999298 267.413197417
-0.752 1177.03444785 1019.83477266 805.104244951 485.33653942 269.337209154
-0.748 1175.92561631 1020.20312465 806.910057127 487.530411455 271.257258537
-0.744 1174.81586789 1020.5660834 808.714882092 489.725518562 273.173339059
-0.74 1173.70507436 1020.92348839 810.518558724 491.921759616 275.085440828
-0.736 1172.59310026 1021.27517151 812.320918993 494.119029029 276.993550492
-0.732 1171.47980258 1021.62095675 814.121787668 496.317216558 278.897651149
-0.728 1170.36503053 1021.96065989 815.920982031 498.516207108 280.797722264
-0.724 1169.24862524 1022.29408819 817.718311564 500.715523728 282.693739568
-0.72 1168.13041947 1022.62104008 819.51357764 502.914699851 284.585674966
-0.716 1167.01023732 1022.94130479 821.306573185 505.114288426 286.473496427
-0.712 1165.88789389 1023.25466199 823.097082335 507.31415278 288.357167879
-0.708 1164.76319494 1023.56088147 824.884880083 509.514150272 290.236649091
-0.704 1163.63593661 1023.8597227 826.6697319 511.714132041 292.111895554
-0.7 1162.50590497 1024.15093448 828.451393355 513.913942749 293.982858356
-0.696 1161.37287574 1024.43425447 830.229609707 516.113420299 295.849484044
-0.692 1160.23661385 1024.70940883 832.004115489 518.312395563 297.711714492
-0.688 1159.09687304 1024.97611173 833.774634074 520.510692076 299.569486752
-0.684 1157.95339547 1025.23406489 835.540877223 522.708125736 301.422732903
-0.68 1156.80591129 1025.48295711 837.302544611 524.904504484 303.27137989
-0.676 1155.65413814 1025.72246377 839.059323347 527.099627968 305.115349361
-0.672 1154.49778077 1025.95224633 840.810887456 529.293287198 306.954557493
-0.668 1153.33653045 1026.17195175 842.556897361 531.48526419 308.788914806
-0.664 1152.17006458 1026.38121197 844.296999331 533.675331588 310.618325981
-0.66 1150.99804608 1026.57964332 846.030824912 535.863252277 312.442689658
-0.656 1149.82012289 1026.76684591 847.757990335 538.048778978 314.261898229
-0.652 1148.6359274 1026.94240304 849.478095907 540.231653828 316.075837626
-0.648 1147.44507587 1027.10588053 851.190725367 542.411607942 317.884387097
-0.644 1146.24716782 1027.25682603 852.895445231 544.588360959 319.687418969
-0.64 1145.04178541 1027.3947684 854.5918041 546.76162057 321.484798411
-0.636 1143.82849279 1027.5192169 856.279331947 548.93108203 323.276383176
-0.632 1142.60683541 1027.62966051 857.957539384 551.096427643 325.062023338
-0.628 1141.37633933 1027.72556715 859.625916884 553.257326238 326.841561021
-0.624 1140.13651053 1027.80638286 861.283933995 555.413432617 328.61483011
-0.62 1138.88683409 1027.87153098 862.931038507 557.564386982 330.381655958
-0.616 1137.62677349 1027.9204113 864.566655597 559.70981435 332.141855075
-0.612 1136.35576973 1027.95239918 866.190186946 561.849323927 333.89523481
-0.608 1135.07324057 1027.9668446 867.801009811 563.98250848 335.641593015
-0.604 1133.77857961 1027.96307127 869.398476079 566.108943669 337.380717703
-0.6 1132.47115543 1027.94037558 870.981911274 568.228187362 339.112386687
-0.596 1131.15031066 1027.89802562 872.550613535 570.339778923 340.836367209
-0.592 1129.81536103 1027.83526015 874.103852557 572.443238472 342.552415552
-0.588 1128.46559435 1027.75128746 875.640868496 574.538066122 344.26027664
-0.584 1127.10026954 1027.6452843 877.160870829 576.623741183 345.959683623
-0.58 1125.71861557 1027.51639469 878.663037184 578.699721344 347.650357449
-0.576 1124.31983032 1027.36372877 880.146512124 580.765441818 349.332006411
-0.572 1122.90307951 1027.18636148 881.61040589 582.820314465 351.004325694
-0.568 1121.46749553 1026.9833314 883.053793105 584.863726878 352.66699689
-0.564 1120.01217624 1026.75363933 884.475711431 586.895041438 354.319687506
-0.56 1118.53618372 1026.49624701 885.875160186 588.913594344 355.962050455
-0.556 1117.03854304 1026.21007572 887.251098913 590.918694599 357.593723522
-0.552 1115.51824089 1025.8940048 888.602445903 592.909622968 359.214328821
-0.548 1113.97422432 1025.54687021 889.928076677 594.885630906 360.823472232
-0.544 1112.40539925 1025.167463 891.226822412 596.845939441 362.420742813
-0.54 1110.81062912 1024.75452777 892.49746833 598.789738029 364.005712205
-0.536 1109.18873342 1024.306761 893.738752026 600.716183369 365.577934006
-0.532 1107.53848613 1023.82280949 894.94936176 602.624398184 367.136943139
-0.528 1105.85861423 1023.30126859 896.12793469 604.513469961 368.682255189
-0.524 1104.14779608 1022.74068052 897.27305506 606.382449659 370.213365725
-0.52 1102.40465981 1022.13953255 898.383252336 608.230350372 371.729749608
-0.516 1100.62778164 1021.49625521 899.456999295 610.05614596 373.230860271
-0.512 1098.81568422 1020.8092204 900.492710064 611.858769637 374.716128986
-0.508 1096.96683481 1020.07673953 901.488738104 613.637112525 376.184964105
-0.504 1095.07964357 1019.29706151 902.443374152 615.390022167 377.636750289
-0.5 1093.1524617 1018.46837081 903.354844113 617.116300999 379.070847715
-0.496 1091.18357962 1017.58878545 904.221306899 618.814704792 380.486591261
-0.492 1089.17122504 1016.65635488 905.04085223 620.483941051 381.883289676
-0.488 1087.11356108 1015.66905797 905.811498387 622.122667376 383.260224733
-0.484 1085.00868432 1014.62480081 906.531189916 623.729489793 384.616650363
-0.48 1082.85462278 1013.52141459 907.197795299 625.302961045 385.951791769
-0.476 1080.64933397 1012.35665342 907.809104583 626.841578856 387.26484453
-0.472 1078.39070283 1011.12819213 908.362826969 628.343784154 388.554973686
-0.468 1076.0765397 1009.83362401 908.856588376 629.807959273 389.821312814
-0.464 1073.70457827 1008.47045863 909.287928966 631.232426121 391.062963081
-0.46 1071.27247348 1007.03611951 909.654300652 632.615444329 392.2789923
-0.456 1068.77779947 1005.52794197 909.953064579 633.95520937 393.468433966
-0.452 1066.2180475 1003.94317076 910.181488593 635.249850664 394.630286286
-0.448 1063.59062388 1002.2789579 910.3367447 636.497429665 395.763511209
-0.444 1060.8928479 1000.53236042 910.415906514 637.69593794 396.867033447
-0.44 1058.12194977 998.700338119 910.415946722 638.843295233 397.939739495
-0.436 1055.27506867 996.779751426 910.333734546 639.937347534 398.980476661
-0.432 1052.34925068 994.767359232 910.166033235 640.97586515 399.988052088
-0.428 1049.34144692 992.65981681 909.90949758 641.956540782 400.961231797
-0.424 1046.24851162 990.453673778 909.56067147 642.876987623 401.898739739
-0.42 1043.06720031 988.145372139 909.115985498 643.734737473 402.799256857
-0.416 1039.79416809 985.731244414 908.571754633 644.527238893 403.661420176
-0.412 1036.42596795 983.207511862 907.92417596 645.251855396 404.483821918
-0.408 1032.95904926 980.570282822 907.169326519 645.905863682 405.265008648
-0.404 1029.38975628 977.815551186 906.303161242 646.486451947 406.00348045
-0.4 1025.71432691 974.939195011 905.321511018 646.990718247 406.697690158
-0.396 1021.92889147 971.93697531 904.220080891 647.415668961 407.346042628
-0.392 1018.02947181 968.804535013 902.994448424 647.758217338 407.946894065
-0.388 1014.0119804 965.537398151 901.640062237 648.015182158 408.498551425
-0.384 1009.87221983 962.130969252 900.152240749 648.183286527 408.999271876
-0.38 1005.60588238 958.580533002 898.526171144 648.259156798 409.447262349
-0.376 1001.20854993 954.881254175 896.687388858 648.239321664 409.840679176
-0.372 996.675694128 951.028177868 894.599948267 648.120211419 410.177627828
-0.368 992.002676811 947.016230068 892.359875296 647.898157419 410.456162766
-0.364 987.184750827 942.840218578 889.961921465 647.569391754 410.674287408
-0.36 981.94828735 938.749604689 887.650169987 646.976126847 410.402018449
-0.356 976.357448137 934.695009395 885.367345368 646.131751471 409.71395496
-0.352 970.631424202 930.464215121 882.903044891 645.154469062 408.955896976
-0.348 964.764692776 926.051501717 880.251594742 644.040248255 408.125722439
-0.344 958.751635181 921.451041713 877.407201352 642.784974497 407.221263033
-0.34 952.586540201 916.656904073 874.363954465 641.384452167 406.240305322
-0.336 946.263607989 911.663058552 871.115830776 639.834407102 405.180592096
-0.332 939.776954551 906.463380674 867.656698188 638.130489564 404.039823959
-0.328 933.120616841 901.051657394 863.980320727 636.268277661 402.815661147
-0.324 926.288558501 895.421593451 860.08036414 634.243281266 401.505725626
-0.32 919.274676276 889.566818488 855.95040224 632.050946454 400.107603446
-0.316 912.072807157 883.48089495 851.583924017 629.686660487 398.618847405
-0.312 904.676736263 877.157326801 846.974341572 627.145757375 397.036980011
-0.308 897.080205523 870.589569117 842.114998905 624.423524051 395.359496769
-0.304 889.276923162 863.771038572 836.999181595 621.515207174 393.583869807
-0.3 881.260574056 856.695124856 831.620127424 618.416020595 391.707551858
-0.296 873.024830957 849.355203061 825.971037959 615.121153516 389.727980604
-0.292 864.563366637 841.744647074 820.04509115 611.625779353 387.642583404
-0.288 855.869866963 833.856843983 813.83545496 607.925065343 385.448782414
-0.284 846.938044931 825.68520954 807.33530206 604.014182904 383.144000115
-0.28 837.761655684 817.223204691 800.53782562 599.888318768 380.725665246
-0.276 828.334512517 808.464353195 793.436256199 595.542686901 378.191219173
-0.272 818.650503876 799.402260328 786.023879779 590.97254123 375.538122671
-0.268 808.703611377 790.030632696 778.29405692 586.17318917 372.763863153
-0.264 798.487928814 780.343299134 770.24024306 581.140005965 369.86596232
-0.26 787.997682163 770.334232692 761.856009954 575.868449834 366.841984259
-0.256 777.227250568 759.997573683 753.135068227 570.354077915 363.689543955
-0.252 766.171188264 749.327653771 744.071291037 564.592562997 360.406316237
-0.248 754.824247431 738.31902105 734.658738805 558.57971101 356.990045126
-0.244 743.181401905 726.966466077 724.891684976 552.311479258 353.438553585
-0.24 731.23787172 715.265048788 714.764642761 545.783995335 349.749753638
-0.236 718.989148395 703.21012624 704.272392789 538.993576711 345.921656855
-0.232 706.431020898 690.79738107 693.410011605 531.936750907 341.952385145
-0.228 693.559602202 678.022850607 682.172900908 524.610276211 337.840181856
-0.224 680.371356324 664.882956491 670.556817446 517.011162857 333.583423118
-0.22 666.863125744 651.374534706 658.557903434 509.136694586 329.1806294
-0.216 653.032159073 637.494865869 646.17271738 500.984450505 324.63047723
-0.212 638.87613883 623.241705625 633.398265162 492.55232712 319.931811017
-0.208 624.393209187 608.613315002 620.232031205 483.838560465 315.083654924
-0.204 609.582003508 593.608490512 606.67200958 474.841748165 310.08522472
-0.2 594.441671517 578.22659385 592.716734852 465.56087134 304.935939549
-0.196 578.971905904 562.467580945 578.365312457 455.99531618 299.635433534
-0.192 563.17296818 546.332030184 563.617448418 446.144895059 294.183567134
-0.188 547.045713573 529.821169569 548.473478168 436.009867027 288.580438183
-0.184 530.59161475 512.936902565 532.93439425 425.590957507 282.826392514
-0.18 513.812784161 495.681832433 517.001872663 414.889377049 276.922034072
-0.176 496.711994765 478.059284766 500.678297596 403.906838943 270.868234443
-0.172 479.292698933 460.073328016 483.966784315 392.645575537 264.666141682
-0.168 461.559045289 441.72879175 466.871199949 381.108353061 258.31718836
-0.164 443.515893281 423.031282391 449.396181919 369.298484804 251.82309873
-0.16 425.168825256 403.987196228 431.547153777 357.219842452 245.185894922
-0.156 406.524155841 384.603729442 413.330338209 344.876865415 238.407902064
-0.152 387.588938431 364.888884958 394.752766972 332.27456801 231.491752266
-0.148 368.370968596 344.851475911 375.822287563 319.418544302 224.440387353
-0.144 348.87878426 324.501125553 356.547566397 306.314970501 217.257060299
-0.14 329.1216625 303.848263449 336.938088336 292.970604765 209.945335275
-0.136 309.109612858 282.904117841 317.004152407 279.392784302 202.509086257
-0.132 288.853367089 261.680704106 296.756863562 265.58941968 194.952494138
-0.128 268.364365308 240.190809262 276.208120398 251.568986268 187.280042312
-0.124 247.654738573 218.44797259 255.370598751 237.340512761 179.496510691
-0.12 226.737288005 196.466462538 234.257731128 222.913566761 171.606968145
-0.116 205.625460713 174.261250324 212.883681977 208.298237411 163.61676336
-0.112 184.333323053 151.847981151 191.26331883 193.505115124 155.53151413
-0.108 162.875532264 129.242945266 169.41217938 178.545268452 147.357024844
-0.104 141.267308839 106.463054733 147.346434631 163.430218207 139.098998411
-0.1 119.524415206 83.5258447476 125.082848247 148.171908982 130.764279139
-0.096 97.6631562472 60.449575637 102.638732353 132.782678269 122.359424214
-0.092 75.7004529663 37.2538921962 80.0319000674 117.275223515 113.891184198
-0.088 53.6542094278 13.9676048648 57.2806154461 101.662567677 105.366483954
-0.084 31.5454289715 9.48013446547 34.403543572 85.9580244098 96.7924024915
-0.08 9.4309491664 32.9036460799 11.419743351 70.1751657648 88.176151866
-0.076 12.9049150874 56.3938060774 11.6519238393 54.3278014739 79.5250552741
-0.072 35.0860056591 79.911554019 34.7912616427 38.4300082217 70.8465245255
-0.068 57.2919429657 103.435289372 57.9790228012 22.4964637611 62.1480371012
-0.064 79.4815080895 126.944693557 81.1953890456 6.54830666996 53.4371131063
-0.06 101.633792653 150.419766911 104.42055946 9.44101949284 44.7212926661
-0.056 123.730079831 173.840697376 127.634766329 25.3957800699 36.0081150583
-0.052 145.752296383 197.187867572 150.818334301 41.3354573804 27.3051037549
-0.048 167.682734421 220.441896353 173.951741746 57.2422912342 18.6197764279
-0.044 189.504005874 243.583690544 197.015681505 73.1019990256 9.95982986406
-0.04 211.199058319 266.594499308 219.991120217 88.9008412953 1.34135898507
-0.036 232.751210114 289.455968267 242.859355785 104.625395563 7.26146243664
-0.032 254.144191657 312.15019197 265.602072556 120.262539625 15.8031144386
-0.028 275.362187757 334.659763978 288.201393901 135.7994721 24.2923945153
-0.024 296.389878957 356.967824016 310.639931867 151.223741469 32.7220137975
-0.02 317.212480669 379.058101863 332.900833642 166.523276441 41.0854029377
-0.016 337.815779531 400.914957677 354.96782458 181.686415313 49.3762837285
-0.012 358.186166584 422.523418561 376.825247591 196.701933393 57.5886292671
-0.008 378.31066702 443.869211191 398.458098736 211.559068029 65.7166647249
-0.004 398.176966342 464.9387904 419.852058896 226.247541037 73.7548754095
0 417.773432839 485.719363653 440.993521422 240.757578363 81.6980158477
0.004 437.089136311 506.19891137 461.869615732 255.079926923 89.541118234
0.008 456.113863057 526.366203106 482.468226824 269.205868589 97.2794997059
0.012 474.838127138 546.210809647 502.778010739 283.127231309 104.908768253
0.016 493.253177989 565.72311107 522.788406021 296.83639742 112.424827194
0.02 511.351004467 584.89430091 542.489641269 310.326309179 119.823878213
0.024 529.124335457 603.716386533 561.872738884 323.59047161 127.102422983
0.028 546.566637181 622.182185907 580.929515168 336.622952763 134.257263406
0.032 563.672107369 640.285320928 599.652576926 349.418381485 141.285500546
0.036 580.435666475 658.020207524 618.035314751 361.971942854 148.184532295
0.04 596.852946139 675.382042734 636.071893218 374.279371389 154.952049867
0.044 612.920275093 692.366789003 653.757238167 386.33694222 161.586033185
0.048 628.634662731 708.971155924 671.087021329 398.141460347 168.084745251
0.052 643.993780566 725.192579677 688.057642508 409.690248168 174.446725587
0.056 658.995941795 741.029200401 704.666209572 420.981131445 180.670782829
0.06 673.640079195 756.479837761 720.910516484 432.012423872 186.755986574
0.064 687.925721585 771.543964938 736.789019607 442.782910407 192.701658564
0.068 701.852969056 786.221681301 752.300812537 453.291829562 198.507363296
0.072 715.422467195 800.513683978 767.445599681 463.538854779 204.172898147
0.076 728.635380507 814.421238571 782.22366881 473.524075088 209.698283105
0.08 741.493365235 827.946149212 796.635862802 483.247975166 215.083750172
0.084 753.998541757 841.090728186 810.683550791 492.711414976 220.329732542
0.088 766.153466752 853.857765297 824.368598899 501.915609099 225.436853601
0.092 777.961105286 866.250497178 837.693340763 510.862105913 230.405915843
0.096 789.424802988 878.272576692 850.660124454 519.552766716 235.237889753
0.1 800.54825844 889.928042596 863.272267082 527.989744933 239.933902724
0.104 811.335495921 901.2212896 875.533596829 536.175465491 244.495228057
0.108 821.790838622 912.157038954 887.448024864 544.112604463 248.923274109
0.112 831.918882428 922.740309658 899.019784716 551.804069068 253.219573615
0.116 841.724470367 932.976390431 910.253404624 559.252978102 257.385773241
0.12 851.212667793 942.870812479 921.153680603 566.462642861 261.423623397
0.124 860.388738388 952.429323176 931.69084255 573.436548621 265.334968339
0.128 869.258121024 961.657860698 941.434962343 580.178336723 269.121736591
0.132 877.826407543 970.56252966 950.852421911 586.691787292 272.785931712
0.136 886.09932148 979.149577812 959.949401078 592.98080265 276.329623411
0.14 894.082697773 987.4253738 968.732209691 599.049391417 279.754939048
0.144 901.782463459 995.396386039 977.207266015 604.901653345 283.064055507
0.148 909.204619383 1003.06916268 985.381076234 610.541764887 286.259191472
0.152 916.355222917 1010.45031269 993.260215079 615.973965508 289.342600089
0.156 923.240371687 1017.54648807 1000.83439852 621.202544745 292.31656203
0.16 929.866188306 1024.36436715 1008.12394992 626.231830013 295.183378954
0.164 936.238806085 1030.91063893 1015.13855995 631.06617515 297.945367359
0.168 942.36435572 1037.1919886 1021.88492297 635.709949687 300.604852823
0.172 948.248952929 1043.21508396 1028.36972097 640.167528836 303.164164631
0.176 953.898687008 1048.98656297 1034.59961064 644.443284184 305.625630766
0.18 959.31961028 1054.51302224 1040.58121151 648.541575054 307.99157327
0.184 964.517728419 1059.8010064 1046.32109502 652.46674054 310.26430396
0.188 969.498991594 1064.85699855 1051.82577451 656.223092171 312.446120476
0.192 974.26928642 1069.68741138 1057.10169613 659.8149072 314.539302664
0.196 978.834428674 1074.29857932 1062.15523062 663.246422468 316.546109274
0.2 983.200156739 1078.69675137 1066.99266583 666.521828851 318.468774958
0.204 987.37212574 1082.88808469 1071.62020007 669.645266232 320.309507557
0.208 991.355902337 1086.878639 1076.04393622 672.620818994 322.070485664
0.212 995.156960146 1090.67437158 1080.2698765 675.452511991 323.753856447
0.216 998.780675743 1094.28113293 1084.30391787 678.144306996 325.361733712
0.22 1002.23232521 1097.70466306 1088.1518481 680.70009956 326.896196215
0.224 1005.51708123 1100.9505883 1091.81934241 683.123716305 328.359286171
0.228 1008.64001061 1104.02441869 1095.31196062 685.41891258 329.753007992
0.232 1011.60607232 1106.93154581 1098.63514485 687.589370491 331.079327197
0.236 1014.42011589 1109.67724116 1101.79421763 689.638697259 332.34016952
0.24 1017.08688027 1112.26665482 1104.79438056 691.570423893 333.537420171
0.244 1019.61099295 1114.70481464 1107.64071322 693.388004157 334.672923265
0.248 1021.99696953 1116.99662573 1110.33817258 695.094813796 335.748481386
0.252 1024.24921349 1119.1468703 1112.89159272 696.694150026 336.765855294
0.256 1026.37201628 1121.16020777 1115.30568483 698.189231235 337.726763744
0.26 1028.36955773 1123.04117522 1117.58503751 699.583196913 338.632883431
0.264 1030.24590657 1124.79418803 1119.73411739 700.879107757 339.485849027
0.268 1032.00502123 1126.4235408 1121.7572699 702.079945965 340.287253322
0.272 1033.65075086 1127.93340846 1123.65872035 703.188615684 341.038647441
0.276 1035.18683647 1129.32784755 1125.44257507 704.207943596 341.741541151
0.28 1036.61691222 1130.61079767 1127.1128229 705.140679652 342.39740323
0.284 1037.94450686 1131.78608313 1128.67333666 705.989497902 343.007661901
0.288 1039.17304533 1132.85741462 1130.12787491 706.756997444 343.57370532
0.292 1040.30585039 1133.82839112 1131.48008366 707.445703459 344.096882124
0.296 1041.34614441 1134.70250181 1132.73349839 708.058068331 344.578502011
0.3 1042.29705118 1135.48312811 1133.89154595 708.596472833 345.019836364
0.304 1043.16159783 1136.17354582 1134.95754672 709.063227383 345.422118913
0.308 1043.94271677 1136.77692722 1135.93471667 709.460573344 345.786546418
0.312 1044.64324773 1137.29634334 1136.82616962 709.790684375 346.114279382
0.316 1045.26593977 1137.73476617 1137.63491943 710.055667819 346.406442784
0.32 1045.81345335 1138.09507098 1138.36388228 710.257566116 346.664126825
0.324 1046.28836243 1138.38003857 1139.01587898 710.398358247 346.888387692
0.328 1046.69315656 1138.59235762 1139.59363725 710.47996119 347.08024833
0.332 1047.03024298 1138.734627 1140.09979402 710.504231392 347.24069922
0.336 1047.30194874 1138.80935807 1140.53689779 710.472966247 347.370699164
0.34 1047.51052278 1138.81897702 1140.90741092 710.38790558 347.471176072
0.344 1047.65813805 1138.76582713 1141.21371191 710.250733125 347.543027744
0.348 1047.74689352 1138.65217107 1141.45809771 710.063078001 347.58712266
0.352 1047.77881632 1138.48019316 1141.64278598 709.826516186 347.604300756
0.356 1047.7558637 1138.25200159 1141.76991732 709.542571966 347.595374198
0.36 1047.67992508 1137.96963065 1141.84155751 709.212719387 347.561128152
0.364 1047.552824 1137.63504287 1141.85969966 708.838383679 347.502321545
0.368 1047.3763201 1137.25013118 1141.82626641 708.420942664 347.419687811
0.372 1047.15211101 1136.81672103 1141.74311198 707.961728151 347.313935634
0.376 1046.88183424 1136.33657241 1141.61202432 707.462027301 347.185749676
0.38 1046.56706903 1135.81138192 1141.43472711 706.923083977 347.035791293
0.384 1046.20933817 1135.24278473 1141.21288176 706.346100058 346.864699241
0.388 1045.81010973 1134.63235651 1140.94808941 705.732236743 346.673090366
0.392 1045.37079886 1133.98161539 1140.64189277 705.082615819 346.461560279
0.396 1044.89276941 1133.29202375 1140.29577808 704.398320901 346.230684023
0.4 1044.37733563 1132.56499005 1139.91117689 703.680398657 345.981016718
0.404 1043.82576378 1131.80187063 1139.48946784 702.929859986 345.713094197
0.408 1043.23927368 1131.00397138 1139.03197843 702.147681187 345.427433626
0.412 1042.61904026 1130.17254947 1138.53998669 701.33480509 345.124534107
0.416 1041.96619505 1129.30881494 1138.01472285 700.492142157 344.804877266
0.42 1041.28182762 1128.41393232 1137.45737095 699.620571561 344.468927833
0.424 1040.56698702 1127.48902216 1136.86907038 698.720942232 344.117134191
0.428 1039.82268309 1126.53516254 1136.25091743 697.794073877 343.74992893
0.432 1039.04988789 1125.55339052 1135.60396673 696.84075797 343.367729372
0.436 1038.24953688 1124.54470355 1134.92923271 695.861758719 342.970938085
0.44 1037.42253028 1123.51006088 1134.22769101 694.857813997 342.559943384
0.444 1036.56973421 1122.45038482 1133.50027978 693.829636254 342.135119816
0.448 1035.69198192 1121.36656212 1132.74790101 692.777913401 341.69682863
0.452 1034.7900749 1120.25944516 1131.97142181 691.703309659 341.245418237
0.456 1033.86478403 1119.12985317 1131.17167565 690.606466396 340.781224651
0.46 1032.91685061 1117.97857342 1130.3494635 689.488002927 340.304571918
0.464 1031.94698741 1116.80636236 1129.50555503 688.348517296 339.815772533
0.468 1030.95587972 1115.6139467 1128.64068971 687.188587028 339.315127844
0.472 1029.94418626 1114.40202448 1127.75557788 686.008769861 338.80292844
0.476 1028.91254016 1113.17126611 1126.85090182 684.809604454 338.279454532
0.48 1027.86154986 1111.92231534 1125.92731671 683.591611071 337.744976314
0.484 1026.79179999 1110.65579024 1124.98545168 682.355292243 337.19975432
0.488 1025.70385224 1109.37228415 1124.02591066 681.101133406 336.644039765
0.492 1024.59824613 1108.0723665 1123.04927339 679.829603524 336.078074874
0.496 1023.47549987 1106.75658379 1122.05609621 678.541155685 335.5020932
0.5 1022.33611108 1105.4254603 1121.04691297 677.236227677 334.916319938
0.504 1021.18055755 1104.07949902 1120.02223583 675.915242549 334.320972214
0.508 1020.00929795 1102.71918232 1118.98255604 674.57860915 333.716259379
0.512 1018.82277252 1101.34497279 1117.92834472 673.226722648 333.102383286
0.516 1017.62140374 1099.95731391 1116.86005361 671.859965033 332.479538554
0.52 1016.40559695 1098.55663076 1115.77811574 670.478705603 331.847912827
0.524 1015.17574102 1097.14333072 1114.68294614 669.083301429 331.207687026
0.528 1013.93220887 1095.71780408 1113.57494252 667.674097812 330.559035586
0.532 1012.67535813 1094.28042471 1112.45448587 666.251428713 329.90212669
0.536 1011.40553164 1092.83155063 1111.3219411 664.815617176 329.237122489
0.54 1010.123058 1091.37152461 1110.17765762 663.36697573 328.564179319
0.544 1008.82825209 1089.90067473 1109.02196991 661.905806784 327.88344791
0.548 1007.52141555 1088.41931491 1107.8551981 660.432403001 327.195073578
0.552 1006.2028373 1086.92774545 1106.67764843 658.947047657 326.499196426
0.556 1004.87279395 1085.4262535 1105.48961386 657.450014998 325.795951524
0.56 1003.53155029 1083.91511359 1104.29137445 655.94157057 325.085469087
0.564 1002.17935967 1082.39458804 1103.08319792 654.421971548 324.367874647
0.568 1000.81646448 1080.86492747 1101.86534008 652.891467045 323.643289216
0.572 999.443096462 1079.32637116 1100.63804524 651.350298414 322.911829449
0.576 998.059477171 1077.77914753 1099.40154666 649.798699542 322.173607791
0.58 996.665818296 1076.22347451 1098.15606695 648.236897121 321.428732626
0.584 995.262322031 1074.65955991 1096.90181848 646.665110923 320.677308415
0.588 993.849181411 1073.08760182 1095.63900371 645.083554057 319.919435837
0.592 992.426580646 1071.50778895 1094.36781559 643.492433216 319.155211912
0.596 990.99469543 1069.92030096 1093.08843789 641.89194892 318.38473013
0.6 989.553693251 1068.32530883 1091.80104556 640.282295744 317.60808057
0.604 988.103733681 1066.72297514 1090.50580499 638.663662539 316.825350014
0.608 986.644968658 1065.11345436 1089.20287441 637.03623265 316.036622057
0.612 985.177542753 1063.49689321 1087.89240411 635.400184115 315.241977213
0.616 983.701593439 1061.87343086 1086.57453677 633.755689867 314.44149302
0.62 982.217251333 1060.24319928 1085.24940769 632.102917925 313.635244129
0.624 980.72464044 1058.60632342 1083.91714512 630.442031571 312.823302407
0.628 979.223878387 1056.96292153 1082.57787045 628.773189531 312.005737017
0.632 977.715076641 1055.31310536 1081.2316985 627.096546143 311.182614513
0.636 976.19834073 1053.6569804 1079.87873772 625.412251515 310.353998911
0.64 974.673770441 1051.99464611 1078.51909045 623.72045169 309.519951778
0.644 973.141460022 1050.32619611 1077.15285308 622.021288787 308.680532297
0.648 971.601498375 1048.65171843 1075.78011632 620.31490115 307.835797348
0.652 970.053969233 1046.97129566 1074.40096538 618.601423488 306.985801567
0.656 968.498951338 1045.28500517 1073.01548012 616.880987002 306.130597421
0.66 966.936518615 1043.59291926 1071.62373531 615.153719523 305.270235259
0.664 965.366740325 1041.89510538 1070.22580073 613.419745623 304.404763383
0.668 963.789681227 1040.19162625 1068.82174139 611.679186746 303.534228097
0.672 962.205401729 1038.48254005 1067.41161765 609.93216131 302.658673761
0.676 960.613958025 1036.76790058 1065.98515303 608.178784824 301.778142848
0.68 959.015402241 1035.04775736 1064.53793136 606.41916999 300.892675986
0.684 957.409782563 1033.32215584 1063.08475338 604.653426802 300.002312009
0.688 955.797143363 1031.59113749 1061.62566294 602.881662647 299.107087999
0.692 954.177525329 1029.85473994 1060.16069998 601.103982394 298.207039329
0.696 952.550965573 1028.11299711 1058.68990064 599.320488484 297.302199698
0.7 950.917497749 1026.36593935 1057.21329742 597.531281014 296.392601175
0.704 949.27715216 1024.6135935 1055.73091926 595.736457826 295.478274231
0.708 947.629955863 1022.85598305 1054.24279169 593.936114575 294.559247769
0.712 945.975932766 1021.09312824 1052.74893688 592.130344814 293.635549163
0.716 944.315103726 1019.32504615 1051.2493738 590.31924006 292.707204277
0.72 942.647486639 1017.55175078 1049.74411826 588.502889868 291.774237504
0.724 940.973096527 1015.77325319 1048.23318307 586.681381896 290.836671781
0.728 939.291945626 1013.98956154 1046.71657808 584.854801968 289.894528622
0.732 937.604043464 1012.20068122 1045.19431026 583.023234137 288.947828133
0.736 935.909396936 1010.4066149 1043.66638383 581.186760741 287.996589036
0.74 934.208010383 1008.60736259 1042.13280028 579.345462465 287.04082869
0.744 932.499885659 1006.8029218 1040.59355849 577.499418387 286.080563104
0.748 930.785022204 1004.99328749 1039.04865477 575.648706038 285.115806956
0.752 929.063417101 1003.17845226 1037.49808294 573.793401444 284.146573608
0.756 927.335065146 1001.35840631 1035.9418344 571.93357918 283.172875114
0.76 925.599958903 999.533137588 1034.37989819 570.06931241 282.194722239
0.764 923.858088764 997.702631786 1032.81226102 568.200672934 281.212124464
0.768 922.109443001 995.866872434 1031.23883315 566.327731227 280.225089997
0.772 920.354007818 994.02584094 1029.65933175 564.450556482 279.233625779
0.776 918.591767403 992.179516646 1028.07408146 562.569216643 278.237737492
0.78 916.822703973 990.327876873 1026.48306032 560.683778448 277.237429563
0.784 915.046797822 988.470896975 1024.88624429 558.794307455 276.232705169
0.788 913.264027361 986.608550374 1023.28360733 556.900868085 275.223566238
0.792 911.474369162 984.740808613 1021.67512143 555.003523643 274.21001345
0.796 909.677797995 982.867641386 1020.06075663 553.102336359 273.192046241
0.8 907.874286867 980.989016587 1018.44048109 551.197367407 272.169662796
0.804 906.063807056 979.104900336 1016.81426109 549.288676938 271.142860053
0.808 904.246328146 977.215257021 1015.18206108 547.376324105 270.111633695
0.812 902.42181806 975.320049326 1013.54384369 545.460367085 269.075978147
0.816 900.590243088 973.419238265 1011.8995698 543.540863107 268.035886575
0.82 898.751567917 971.512783208 1010.24919853 541.61786847 266.991350871
0.824 896.905755658 969.600641912 1008.59268727 539.691438567 265.942361651
0.828 895.052767874 967.682770545 1006.9299917 537.761627904 264.888908248
0.832 893.192564599 965.759123708 1005.26106584 535.828490117 263.830978695
0.836 891.325104369 963.829654461 1003.58586203 533.892077995 262.768559723
0.84 889.450344236 961.894314345 1001.90433096 531.95244349 261.701636741
0.844 887.568239793 959.953053398 1000.21642171 530.009637739 260.63019383
0.848 885.678745191 958.005820178 998.522081746 528.063711075 259.554213721
0.852 883.781813157 956.052561776 996.821256917 526.114713043 258.473677791
0.856 881.877395012 954.093223836 995.113891498 524.162692411 257.388566035
0.86 879.965440687 952.127750566 993.399928184 522.207697186 256.298857057
0.864 878.045898733 950.156084755 991.679308103 520.24977462 255.20452805
0.868 876.118716339 948.178167782 989.951970823 518.288971226 254.105554773
0.872 874.183839344 946.19393963 988.217854361 516.325332783 253.001911537
0.876 872.241212244 944.203338895 986.476895188 514.358904349 251.893571178
0.88 870.290778206 942.206302796 984.729028234 512.389730264 250.780505038
0.884 868.332479077 940.202767179 982.974186888 510.417854163 249.662682939
0.888 866.366255391 938.19266653 981.212303005 508.443318981 248.54007316
0.892 864.392046376 936.175933977 979.443306907 506.466166954 247.412642412
0.896 862.409789963 934.152501296 977.667127378 504.486439632 246.280355807
0.9 860.419422786 932.122298915 975.88369167 502.504177878 245.143176837
0.904 858.420880194 930.085255917 974.092925495 500.519421874 244.001067338
0.908 856.414096249 928.041300045 972.294753027 498.532211123 242.853987462
0.912 854.399003733 925.990357697 970.489096893 496.542584453 241.701895649
0.916 852.375534144 923.932353934 968.675878175 494.550580017 240.544748588
0.92 850.343617707 921.867212473 966.855016397 492.556235295 239.382501188
0.924 848.303183364 919.794855693 965.026429522 490.559587097 238.215106543
0.928 846.254158782 917.715204625 963.190033944 488.560671556 237.042515892
0.932 844.196470347 915.628178956 961.345744479 486.559524138 235.864678583
0.936 842.130043164 913.533697021 959.493474356 484.556179628 234.681542036
0.94 840.054801056 911.431675803 957.633135206 482.550672141 233.4930517
0.944 837.970666557 909.322030923 955.76463705 480.543035107 232.299151014
0.948 835.87756091 907.204676639 953.887888289 478.533301279 231.099781361
0.952 833.775404065 905.079525835 952.002795691 476.521502721 229.894882028
0.956 831.664114669 902.946490017 950.109264373 474.507670808 228.684390153
0.96 829.543610062 900.805479305 948.207197792 472.49183622 227.468240687
0.964 827.413806271 898.656402422 946.296497727 470.474028936 226.246366336
0.968 825.274617999 896.499166686 944.377064261 468.454278228 225.018697519
0.972 823.125958623 894.333678001 942.448795769 466.432612654 223.785162309
0.976 820.967740179 892.159840845 940.511588893 464.409060051 222.545686385
0.98 818.799873355 889.977558259 938.565338531 462.383647528 221.300192972
0.984 816.622267481 887.786731833 936.609937811 460.356401456 220.048602788
0.988 814.434830516 885.587261697 934.645278075 458.327347458 218.790833983
0.992 812.23746904 883.379046505 932.671248856 456.2965104 217.526802083
0.996 810.030088238 881.161983422 930.687737856 454.263914384 216.256419918
1 807.812591888 878.935968108 928.694630925 452.229582729 214.979597571
1.004 805.584882349 876.700894704 926.691812037 450.193537967 213.696242299
1.008 803.346860544 874.456655815 924.679163265 448.155801826 212.406258477
1.012 801.098425946 872.203142493 922.656564755 446.11639522 211.109547518
1.016 798.839476563 869.940244221 920.623894705 444.07533823 209.806007807
1.02 796.56990892 867.667848893 918.581029331 442.032650098 208.495534623
1.024 794.289618042 865.385842798 916.527842849 439.988349201 207.178020067
1.028 791.998497436 863.094110597 914.464207437 437.942453047 205.853352978
1.032 789.696439074 860.792535308 912.389993214 435.887842261 204.521418856
1.036 787.383333371 858.480998278 910.305068207 433.830556283 203.182099775
1.04 785.059069165 856.15937917 908.209298321 431.772937279 201.835274301
1.044 782.723533698 853.827555934 906.102547306 429.715000042 200.4808174
1.048 780.376612594 851.485404788 903.984676729 427.656758462 199.118600348
1.052 778.018189834 849.132800194 901.855545938 425.598225499 197.748490637
1.056 775.648147733 846.769614832 899.715012029 423.539413168 196.37035188
1.06 773.266366921 844.395719579 897.562929814 421.480332518 194.984043709
1.064 770.87272631 842.010983478 895.39915178 419.420993611 193.589421673
1.068 768.467103076 839.615273717 893.223528062 417.361405497 192.186337132
1.072 766.049372627 837.2084556 891.035906396 415.301576199 190.774637152
1.076 763.619408576 834.790392518 888.836132089 413.241512681 189.354164387
1.08 761.177082718 832.360945923 886.62404798 411.181220829 187.924756968
1.084 758.722264993 829.919975296 884.399494395 409.120705423 186.486248383
1.088 756.254823461 827.46733812 882.162309114 407.059970114 185.038467354
1.092 753.774624271 825.002889849 879.912327326 404.99901739 183.581237712
1.096 751.281531626 822.526483873 877.649381589 402.937848558 182.114378267
1.1 748.775407752 820.03797149 875.373301786 400.876463704 180.637702672
1.104 746.256112864 817.537201871 873.083915084 398.81486167 179.15101929
1.108 743.723505131 815.024022027 870.781045889 396.753040022 177.654131046
1.112 741.177440639 812.498276773 868.4645158 394.690995012 176.146835285
1.116 738.617773355 809.959808694 866.134143564 392.628721553 174.628923621
1.12 736.04435509 807.408458109 863.789745032 390.566213175 173.100181779
1.124 733.457035456 804.844063031 861.431133107 388.503461998 171.560389437
1.128 730.855661831 802.266459132 859.058117698 386.440458687 170.009320061
1.132 728.240079311 799.675479704 856.670505675 384.377192419 168.446740733
1.136 725.610130675 797.070955616 854.268100811 382.31365084 166.872411978
1.14 722.965656333 794.452715279 851.85070374 380.249820027 165.286087582
1.144 720.306494288 791.820584597 849.418111899 378.18568444 163.687514404
1.148 717.632480084 789.174386931 846.970119482 376.121226885 162.076432189
1.152 714.943446763 786.513943052 844.506517382 374.056428463 160.452573363
1.156 712.239224812 783.839071099 842.027093138 371.991268524 158.815662833
1.16 709.519642115 781.14958653 839.531630886 369.925724621 157.165417776
1.164 706.784523899 778.445302078 837.019911298 367.859772458 155.503016179
1.168 704.033692685 775.726027704 834.491711528 365.793385835 153.995341689
1.172 701.266968226 772.991570546 831.946805156 363.7265366 152.475435187
1.176 698.48416746 770.241734872 829.384962134 361.65919459 150.943011056
1.18 695.685104443 767.476322029 826.805948721 359.591327574 149.39777565
1.184 692.869590295 764.695130389 824.209527432 357.522901192 147.839427076
1.188 690.037433139 761.897955299 821.595456974 355.453878898 146.267654955
1.192 687.188438034 759.084589025 818.963492192 353.384221894 144.68214018
1.196 684.322406916 756.254820699 816.313384002 351.313889061 143.082554669
1.2 681.439138526 753.408436259 813.644879336 349.242836898 141.468561106
1.204 678.538428346 750.545218398 810.95772108 347.171019447 139.839812677
1.208 675.620068528 747.664946497 808.251648013 345.098388222 138.195952792
1.212 672.683847819 744.767396572 805.526394744 343.024892135 136.53661481
1.216 669.729551493 741.852341211 802.781691651 340.950477416 134.861421736
1.22 666.756961269 738.919549508 800.01726482 338.875087538 133.169985932
1.224 663.765855235 735.968787004 797.232835982 336.798663126 131.461908794
1.228 660.756007768 732.999815622 794.428122454 334.721141881 129.736780439
1.232 657.727189452 730.012393597 791.602837071 332.642458484 127.994179369
1.236 654.679166991 727.00627541 788.75668813 330.562544507 126.233672131
1.24 651.611703125 723.98121172 785.889379324 328.481328321 124.45481296
1.244 648.524556536 720.936949295 783.000609686 326.398734994 122.657143418
1.248 645.417481759 717.873230934 780.090073523 324.314686191 120.840192012
1.252 642.290229087 714.789795403 777.157460358 322.229100072 119.003473807
1.256 639.142544471 711.686377351 774.202454874 320.141891179 117.146490024
1.26 635.974169425 708.56270724 771.224736848 318.052970327 115.268727623
1.264 632.784840916 705.418511267 768.223981101 315.96224449 113.369658876
1.268 629.574291266 702.25351128 765.199857438 313.869616674 111.44874092
1.272 626.342248036 699.067424704 762.152030594 311.774985803 109.505415305
1.276 623.08843392 695.859964455 759.080160183 309.678246581 107.539107517
1.28 619.812566626 692.630838855 755.983900643 307.579289364 105.549226491
1.284 616.51435876 689.379751552 752.862901189 305.478000022 103.535164113
1.288 613.193517703 686.106401427 749.716805766 303.374259798 101.496294694
1.292 609.849745487 682.810482511 746.545253008 301.267945156 99.4319744415
1.296 606.482738669 679.491683889 743.34787619 299.158927634 97.3415409036
1.3 603.092188192 676.149689615 740.124303195 297.047073682 95.2243124038
1.304 599.677779256 672.784178612 736.874156481 294.932244499 93.079587456
1.308 596.239191177 669.394824584 733.597053045 292.814295868 90.9066441642
1.312 592.776097239 665.981295913 730.292604402 290.693077974 88.7047396064
1.316 589.288164551 662.543255565 726.960416562 288.568435228 86.4731092031
1.32 585.775053894 659.080360987 723.600090014 286.440206074 84.2109660717
1.324 582.236419564 655.592264009 720.211219716 284.308222799 81.9175003694
1.328 578.671909211 652.078610737 716.79339509 282.172311328 79.5918786248
1.332 575.081163676 648.539041451 713.346200027 280.032291013 77.2332430644
1.336 571.463816817 644.973190498 709.869212896 277.887974423 74.8407109364
1.34 567.819495339 641.380686182 706.362006563 275.739167111 72.4133738402
1.344 564.14781861 637.761150656 702.671420301 273.585667386 69.9502970704
1.348 560.448398478 634.114199811 694.530446503 271.427266072 67.4505189879
1.352 556.720839082 630.439443162 686.440921552 269.263746253 65.1938453109
1.356 552.964736654 626.736483733 678.402957305 267.09488302 64.3563471176
1.36 549.179679318 623.004917943 670.416662117 264.920443197 63.5313402856
1.364 545.365246883 619.244335487 662.482140734 262.740185061 62.7195172331
1.368 541.521010631 615.454319219 654.599494175 260.553858057 61.9219563732
1.372 537.646533097 611.634445028 646.768819614 258.361202494 61.1379519338
1.376 533.741367843 607.78428172 638.990210263 256.161949236 61.056046261
1.38 529.805059225 603.903390895 631.263755252 253.956063982 61.1814855046
1.384 525.837142157 599.99132682 623.589539504 251.743112504 61.3448991862
1.388 521.837141864 596.047636307 615.967643614 249.522707457 61.5475134475
1.392 517.804573628 592.071858586 608.39814372 247.294538717 61.7695512076
1.396 513.738942528 588.063525178 600.88111138 245.255143732 62.0113351064
1.4 509.639743174 584.022159764 593.41661344 243.252264716 62.2731941751
1.404 505.506459432 579.947278063 586.004711905 241.247908242 62.5554639704
1.408 501.338564135 575.838387696 578.645336119 239.244492907 62.858486712
1.412 497.1355188 571.694988062 571.338675442 237.246556636 63.1826114215
1.416 492.896773319 567.516570205 564.084778646 235.246656447 63.5281940642
1.42 488.621765657 563.302616684 556.883686577 233.244506179 63.8955976936
1.424 484.30992153 559.052601446 549.735434562 231.239809704 64.2851925979
1.428 479.960654079 554.765989696 542.640052265 229.232260607 64.6973564499
1.432 475.573363532 550.442237765 535.597563547 227.221541847 65.1324744583
1.436 471.14743686 546.080792988 528.60798632 225.20732541 65.5909395226
1.44 466.68224742 541.681093571 521.671332401 223.189271949 66.0731523904
1.444 462.177154582 537.242568471 514.787607361 221.167030416 66.5795218168
1.448 457.63150336 532.764637269 507.95681038 219.14023767 67.1104647272
1.452 453.044624016 528.246710052 501.178934089 217.108518082 67.6664063826
1.456 448.415831665 523.68818729 494.453964424 215.071483121 68.2477805471
1.46 443.744425856 519.088459725 487.781880462 213.028730925 68.8550296594
1.464 439.029690157 514.446908252 481.16265427 210.979845859 69.4886050052
1.468 434.270891709 509.762903818 474.596250746 208.924398054 70.1489668944
1.472 430.679037644 505.942534487 468.203772187 206.60245259 70.3907714662
1.476 430.091385702 504.359830873 462.184671273 203.637465331 69.5418172193
1.48 429.769579054 502.963807693 456.273588982 200.62709269 68.6129640571
1.484 429.439421882 501.558127226 450.446615842 197.627478267 67.6981286989
1.488 429.100888431 500.142742798 444.702265841 194.638181728 66.7971902889
1.492 428.753952946 498.717607418 439.039079503 191.658766654 65.9100286874
1.496 428.398589667 497.282673779 433.455623302 188.688800449 65.036524455
1.5 428.034772836 495.837894254 427.95048911 185.727854253 64.1765588372
1.504 427.662476692 494.383220897 422.522293645 182.775502843 63.3300137489
1.508 427.281675477 492.918605436 417.169677932 179.83132455 62.49677176
1.512 426.89234343 491.443999276 411.891306789 176.894901166 61.67671608
1.516 426.494454794 489.959353494 406.685868308 173.965817856 60.8697305441
1.52 426.087983812 488.464618841 401.552073364 171.043663071 60.0756995986
1.524 425.672904731 486.959745733 396.488655122 168.128028462 59.2955704554
1.528 425.249191799 485.444684258 391.494368569 165.218508793 58.5288040614
1.532 424.816819267 483.919384166 386.567990047 162.314701858 57.7746449717
1.536 424.375761393 482.383794875 381.708248027 159.416208392 57.0329798053
1.54 423.925992437 480.837865463 376.914025462 156.522631996 56.3036957264
1.544 423.467486665 479.281544671 372.18416446 153.633579043 55.5866804321
1.548 423.000218347 477.714780899 367.517522714 150.748658607 54.8818221401
1.552 422.524161762 476.137522205 362.9129771 147.867482375 54.2529302992
1.556 422.039291195 474.549716305 358.36942327 144.989664568 53.6589675932
1.56 421.545580937 472.95131057 353.885775267 142.114821861 53.0767554825
1.564 421.043005289 471.342252027 349.460965137 139.242573306 52.8491157724
1.568 420.531538561 469.722487356 345.093942563 136.372540251 52.7014847585
1.572 420.01115507 468.091962889 340.783674492 133.504346266 52.5641366195
1.576 419.481829145 466.450624611 336.529144789 130.637617061 52.4369274998
1.58 418.943535125 464.798418158 332.329353881 127.771980415 52.3197142672
1.584 418.396247361 463.135288817 328.183318425 124.907066102 52.2123545011
1.588 417.839940215 461.461181524 324.090070973 122.042505811 52.114706481
1.592 417.274588062 459.776040865 320.048659649 119.177933079 52.0266291755
1.596 416.70016529 458.079811078 316.058147834 116.31298322 51.9479822319
1.6 416.116646301 456.372436047 312.117613859 113.448199969 51.8786259655
1.604 415.524005512 454.653859308 308.226150701 110.582347304 51.81842135
1.608 414.922217356 452.924024045 304.382865691 107.715052993 51.7672300077
1.612 414.31125628 451.182873095 300.586880229 104.845958965 51.7249142002
1.616 413.691096748 449.430348944 296.837329497 101.974708603 51.6913368198
1.62 413.061713244 447.666393728 293.133362192 99.1009466851 51.6663613808
1.624 412.423080268 445.890949239 289.474140254 96.2243193306 51.6498520114
1.628 411.775172338 444.10395692 285.858838609 93.3444739529 51.6416734458
1.632 411.117963994 442.304086982 282.286644908 90.5102831938 51.6416910173
1.636 410.451429795 440.471568991 278.756759283 87.6756030432 51.6497706506
1.64 409.775544321 438.627553983 275.268394099 84.8378490431 51.6657788559
1.644 409.090282175 436.771987097 271.820773719 82.1963412093 51.6895827219
1.648 408.395617982 434.904813216 268.41240843 79.6501143031 51.7210499108
1.652 407.691526391 433.02597698 265.041710406 77.1056923272 51.760048652
1.656 406.977982073 431.135422788 261.709855771 74.5628303056 51.8064477379
1.66 406.254959727 429.233094798 258.4161174 72.0212877738 51.8601165184
1.664 405.522434078 427.318936938 255.159778873 69.4808288647 51.9209248973
1.668 404.780379876 425.392892911 251.940134283 66.9412224176 51.9887433281
1.672 404.028771899 423.454906196 248.756488043 64.4022421168 52.0634428108
1.676 403.267584954 421.504920058 245.608154699 61.8636666671 52.1448948888
1.68 402.496793879 419.542877554 242.495858428 59.3252800169 52.232971646
1.684 401.716373539 417.568721538 239.421140961 56.7868716438 52.3275457051
1.688 400.926298833 415.58239467 236.382191283 54.2482369221 52.4284902257
1.692 400.126544691 413.583839425 233.37836175 51.7091775992 52.5356789028
1.696 399.317086077 411.572998096 230.409013496 49.169502422 52.648985966
1.7 398.497897987 409.549812808 227.473516331 46.6290279678 52.7682861791
1.704 397.668955456 407.514225524 224.571248632 44.0875797624 52.89345484
1.708 396.830233551 405.466178057 221.701597239 41.5449938099 53.0243677814
1.712 395.981707378 403.405612077 218.863957358 39.0011187204 53.1609013713
1.716 395.123352082 401.332469123 216.057732455 36.4558187297 53.3029325146
1.72 394.255142845 399.246690617 213.282334161 33.9089780816 53.4503386546
1.724 393.377054891 397.148217869 210.537182172 31.3605075503 53.6029977758
1.728 392.489063485 395.036992097 207.821704155 28.8103544354 53.760788406
1.732 391.591143934 392.912954435 205.135335651 26.2585183989 53.92358962
1.736 390.68327159 390.776045947 202.477519987 23.7050775655 54.0912810429
1.74 389.765421848 388.626207646 199.847708177 21.1502335849 54.2637428545
1.744 388.83757015 386.4633805 197.245358838 18.5943939297 54.4408557939
1.748 387.899691985 384.287505459 194.669938098 16.0383329784 54.6225011645
1.752 386.951762891 382.09852346 192.120919508 13.4835362401 54.8085608397
1.756 385.993758455 379.896375455 189.59778396 11.9810498763 54.9989172694
1.76 385.025654315 377.68100242 187.100019596 11.6239429988 55.1934534859
1.764 384.047426161 375.452345379 184.62712173 11.2800039032 55.3920531116
1.768 383.059049739 373.210345424 182.178592765 10.949043469 55.5946003668
1.772 382.060500847 370.954943733 179.75394211 10.6308730861 55.8009800773
1.776 381.05175534 368.686081592 177.352686101 10.3253045988 56.0110776838
1.78 380.032789132 366.40370042 174.974347925 10.0321502542 56.2247792509
1.784 379.003578197 364.10774179 172.618457544 9.75122265683 56.4419714767
1.788 377.964098567 361.798147456 170.284551614 9.4823347295 56.6625417037
1.792 376.91432634 359.474859375 167.972173418 9.22529968366 56.8863779293
1.796 375.854237674 357.137819739 165.680872787 8.97993099944 57.1133688177
1.8 374.783808795 354.786970997 163.410206034 8.7460424177 57.3434037116
1.804 373.703015996 352.422255889 161.159735877 8.5234479454 57.5763726451
1.808 372.61183564 350.043617474 158.929031377 8.31196187581 57.8121663571
1.812 371.510244157 347.650999162 156.717667864 8.11139882473 58.0506763051
1.816 370.398218052 345.244344747 154.525226874 7.92157378384 58.2917946794
1.82 369.275733905 342.823598441 152.351296083 7.74230219169 58.5354144186
1.824 368.14276837 340.388704911 150.195469241 7.5734000226 58.7814292252
1.828 366.99929818 337.939609314 148.057346112 7.41468389304 59.0297335818
1.832 365.845300147 335.476257337 145.936532408 7.26597118464 59.2802227687
1.836 364.680751165 332.998595237 143.832639733 7.12708018208 59.5327928806
1.84 363.505628214 330.506569884 141.745285519 6.99783022376 59.787340846
1.844 362.319908357 328.000128803 139.674092972 6.87804186204 60.0437644456
1.848 361.123568748 325.479220216 137.618691013 6.76753702969 60.3019623321
1.852 359.916586628 322.943793098 135.578714219 6.66613920827 60.5618340507
1.856 358.698939334 320.393797214 133.553802775 6.57367359386 60.8232800603
1.86 357.470604295 317.829183181 131.543602415 6.48996725546 61.0862017552
1.864 356.231559041 315.249902511 129.54776437 6.41484928089 61.3505014879
1.868 354.981781198 312.655907671 127.565945321 6.34815090578 61.616082592
1.872 353.721248497 310.04715214 125.597807343 6.28970562084 61.8828494068
1.876 352.449938773 307.423590462 123.643017859 6.23934925396 62.1507073017
1.88 351.167829968 304.785178315 121.701249596 6.19692002375 62.4195627024
1.884 349.874900136 302.131872566 119.77218053 6.16225856258 62.6893231166
1.888 348.590913957 299.497430438 117.860196749 6.13060921259 62.9398873673
1.892 347.304744548 296.862370464 115.962295253 6.10438892786 63.1825520135
1.896 346.008245318 294.212672162 114.076224707 6.0853308298 63.4631987813
1.9 344.70140834 291.548297023 112.201681734 6.07328028291 63.9098393353
1.904 343.384225905 288.869207841 110.338368113 6.06808481921 64.3425757669
1.908 342.056690522 286.175368777 108.485990738 6.06959401511 64.7615304929
1.912 340.718794924 283.466745435 106.644261572 6.07765934985 65.166826231
1.916 339.370532066 280.743304933 104.812897612 6.09213404947 65.5585859449
1.92 338.011895134 278.00501598 102.991620848 6.11287292077 65.93693279
1.924 336.642877545 275.251848958 101.180158224 6.13973217961 66.3019900632
1.928 335.26347295 272.483776005 99.3782416031 6.17256927786 66.6538811535
1.932 333.873675238 269.700771097 97.5856077331 6.21124273299 66.9927294953
1.936 332.473478542 266.902810139 95.8019982103 6.25561196397 67.3186585234
1.94 331.062877238 264.089871055 94.0271594478 6.3055371366 67.6317916301
1.944 329.641865951 261.261933882 92.2608426435 6.36087902077 67.932252124
1.948 328.21043956 258.418980869 90.5028037502 6.42149886177 68.2201631911
1.952 326.768593199 255.560996578 88.7528034459 6.48725826679 68.4956478571
1.956 325.316322263 252.687967984 87.0106071064 6.55801910765 68.7588289515
1.96 323.853622413 249.799884587 85.2759847787 6.63364343987 69.0098290739
1.964 322.380489576 246.896738519 83.5487111552 6.71399343796 69.2487705615
1.968 320.896919955 243.459684171 81.8285655508 6.79893134638 69.4757754577
1.972 319.402910028 239.474070071 80.1153318793 6.88831944524 69.6909654836
1.976 317.898456557 235.551696393 78.4087986331 6.98202002962 69.8944620093
1.98 316.38355659 231.691797118 76.7087588626 7.07989540127 70.0863860281
1.984 314.858207466 227.893604759 75.0150101587 7.18180787125 70.2668581309
1.988 313.322406823 224.156350713 73.3273546354 7.28761977215 70.4359984831
1.992 311.776152597 220.479265602 71.6455989146 7.39719347845 70.5939268017
1.996 310.219443034 216.86157961 69.9695541127 7.51039143359 70.7407623346
2 308.65227669 213.30252281 68.2990358281 7.62707618268 70.8766238405
